# Codigos de sonido DCS que usa el juego (tablas de SNDTAB/STABLE y los
# observados en ejecucion, p. ej. variantes 00C1, 00C3...). Solo numeros.
2
4
6
10
13
16
18
20
21
22
24
25
26
27
28
30
31
46
47
60
100
105
123
125
129
131
133
135
137
139
141
143
145
151
158
166
168
172
173
174
176
177
182
184
188
190
192
193
194
195
196
197
198
199
200
201
202
203
204
205
206
207
208
210
212
220
236
237
238
239
240
241
266
267
290
300
302
304
305
306
307
308
310
312
314
316
324
326
328
330
334
350
355
356
357
358
369
372
378
381
384
387
390
393
396
400
412
413
426
429
443
449
458
461
488
490
500
501
502
508
512
514
516
518
520
522
524
526
528
529
530
534
538
540
542
544
545
546
550
560
562
564
568
570
572
602
604
606
608
610
620
622
626
628
629
630
632
634
636
638
640
642
644
646
648
650
656
659
668
704
710
712
714
720
722
734
736
738
740
744
746
748
750
762
766
772
774
776
778
780
782
796
800
802
804
806
808
810
812
814
820
848
850
852
854
925
926
927
1256
